      0/39     1.58G     0.075  0.007877         0   0.08288         4       640  0.005122    0.3385  0.004392 0.0006268   0.06997  0.007887         0
      1/39     1.61G   0.06573  0.007627         0   0.07336         1       640     0.185     0.357    0.1511   0.03339   0.05797  0.008176         0
      2/39     1.61G   0.05639   0.00823         0   0.06462         0       640   0.06544    0.1397   0.03437  0.006546   0.05628  0.008457         0
      3/39     1.61G   0.05106  0.007831         0   0.05889         1       640    0.5437    0.6213     0.552    0.2164   0.04611  0.006579         0
      4/39     1.61G   0.04932  0.007069         0   0.05639        17       640    0.7464    0.6127    0.6977    0.3135   0.04339  0.007018         0
      5/39     1.61G   0.04564  0.006319         0   0.05196         2       640    0.8431    0.7503    0.8092    0.3992    0.0417  0.005644         0
      6/39     1.61G   0.04526  0.005974         0   0.05124         2       640     0.831    0.8406    0.8546    0.4549   0.03582  0.005354         0
      7/39     1.61G   0.04248  0.005783         0   0.04826         1       640    0.8796    0.7266    0.8185    0.4439   0.03869   0.00676         0
      8/39     1.61G   0.04172  0.005387         0    0.0471         0       640    0.9198     0.868    0.9093    0.5058   0.03259  0.004502         0
      9/39     1.61G    0.0407  0.005167         0   0.04586         1       640    0.8949     0.838    0.9047    0.5287   0.03408  0.004275         0
     10/39     1.61G   0.03998  0.005149         0   0.04513         2       640    0.9249      0.88    0.9238    0.5515   0.03187  0.004271         0
     11/39     1.61G   0.03969  0.005173         0   0.04486         2       640    0.9156    0.8551    0.9116    0.5568   0.03161  0.004246         0
     12/39     1.61G   0.03911  0.005056         0   0.04417         2       640    0.9209    0.8946    0.9295    0.5761   0.03022  0.004087         0
     13/39     1.61G   0.03829  0.004916         0    0.0432         1       640    0.9197    0.9032    0.9459    0.6012   0.02973  0.003875         0
     14/39     1.61G    0.0372  0.004761         0   0.04196         1       640    0.9514    0.9075    0.9514    0.6065   0.02861  0.003803         0
     15/39     1.61G   0.03727  0.004864         0   0.04214         0       640    0.9557    0.9066    0.9457    0.6189   0.02768   0.00387         0
     16/39     1.61G   0.03673  0.004731         0   0.04146         4       640    0.9479    0.9193    0.9465    0.5995   0.02846  0.003844         0
     17/39     1.61G   0.03581  0.004522         0   0.04033         1       640    0.9435    0.9022    0.9347    0.5917   0.02852  0.004346         0
     18/39     1.61G    0.0357  0.004593         0   0.04029         5       640    0.9404    0.9331    0.9536    0.6061   0.02771  0.003711         0
     19/39     1.61G   0.03562  0.004663         0   0.04028         2       640    0.9592    0.9306    0.9581    0.6083   0.02728  0.003395         0
     20/39     1.61G   0.03491  0.004466         0   0.03937         0       640    0.9375    0.9253    0.9561    0.6208   0.02833  0.003379         0
     21/39     1.61G   0.03469  0.004473         0   0.03917         5       640    0.9466    0.9126    0.9451    0.6322   0.02634  0.003349         0
     22/39     1.61G   0.03415  0.004505         0   0.03865         6       640     0.934     0.946    0.9603    0.6471   0.02546  0.003211         0
     23/39     1.61G   0.03388  0.004251         0   0.03813         3       640     0.949    0.9245    0.9572    0.6301   0.02599   0.00327         0
     24/39     1.61G   0.03407  0.004314         0   0.03838         4       640     0.952    0.9347    0.9591    0.6445   0.02513  0.003217         0
     25/39     1.61G   0.03406  0.004146         0   0.03821         2       640    0.9526    0.9314    0.9611    0.6419   0.02398  0.003077         0
     26/39     1.61G   0.03292  0.004139         0   0.03706         1       640    0.9514    0.9388    0.9652    0.6406   0.02476  0.003239         0
     27/39     1.61G    0.0329  0.004166         0   0.03706         2       640    0.9529    0.9194    0.9404    0.6136   0.02601  0.003356         0
     28/39     1.61G   0.03281  0.004109         0   0.03692         1       640    0.9461    0.9322    0.9562    0.6273   0.02524  0.003299         0
     29/39     1.61G   0.03289  0.004141         0   0.03703         2       640    0.9547    0.9417    0.9634    0.6596   0.02384  0.003113         0
     30/39     1.61G   0.03181  0.004054         0   0.03587         5       640    0.9596      0.94    0.9656    0.6517   0.02457  0.003055         0
